92
192
298
333
360
383
390
415
438
473
552
656
710
755
778
836
856
866
902
917
922
936
942
960
980
989
1014
1057
1066
1089
1147
1176
1215
1230
1269
1303
1355
1435
1441
1483
1502
1510
1530
1629
1708
1764
1862
1901
2124
2183
2228
2264
2291
2310
2311
2323
2338
2362
2427
2472
2576
2691
2727
2743
2759
2775
2791
2803
2863
2879
2895
2899
2907
2935
2940
2995
3024
3119
3143
3155
3195
3211
3229
3243
3284
3311
3327
3339
3444
3509
3539
3602
3644
3666
3710
3753
3768
3810
3879
3937
4012
4027
4050
4056
4095
4144
4161
4228
4300
4330
4380
4408
4460
4499
4557
4634
4726
4779
4796
4827
4874
4895
4928
4950
4984
5015
5027
5059
5174
5290
5332
5368
5400
5471
5529
5549
5582
5615
5631
5647
5662
5703
5739
5758
5867
5912
5918
5932
5952
5964
5985
5990
6024
6068
6108
6114
6139
6154
6226
6259
6298
6323
6348
6398
6445
6470
6534
6585
6651
6667
6690
6710
6723
6787
6811
6826
6866
6927
6946
6998
7058
7240
7301
7318
7369
7414
7448
7474
7502
7554
7640
7673
7701
7732
7739
7762
7795
7814
7840
7882
