24
25
26
27
28
29
30
31
48
49
50
51
52
53
54
55
192
193
194
195
196
197
198
199
224
225
226
227
228
229
230
231
240
241
242
243
244
245
246
247
464
465
466
467
468
469
470
471
472
473
474
475
476
477
478
479
480
481
482
483
484
485
486
487
600
601
602
603
604
605
606
607
736
737
738
739
740
741
742
743
752
753
754
755
756
757
758
759
1144
1145
1146
1147
1148
1149
1150
1151
1176
1177
1178
1179
1180
1181
1182
1183
1184
1185
1186
1187
1188
1189
1190
1191
1208
1209
1210
1211
1212
1213
1214
1215
1216
1217
1218
1219
1220
1221
1222
1223
1352
1353
1354
1355
1356
1357
1358
1359
1480
1481
1482
1483
1484
1485
1486
1487
2184
2185
2186
2187
2188
2189
2190
2191
2288
2289
2290
2291
2292
2293
2294
2295
2304
2305
2306
2307
2308
2309
2310
2311
2312
2313
2314
2315
2316
2317
2318
2319
2320
2321
2322
2323
2324
2325
2326
2327
2424
2425
2426
2427
2428
2429
2430
2431
2688
2689
2690
2691
2692
2693
2694
2695
2720
2721
2722
2723
2724
2725
2726
2727
2728
2729
2730
2731
2732
2733
2734
2735
2736
2737
2738
2739
2740
2741
2742
2743
2744
2745
2746
2747
2748
2749
2750
2751
2752
2753
2754
2755
2756
2757
2758
2759
2760
2761
2762
2763
2764
2765
2766
2767
2768
2769
2770
2771
2772
2773
2774
2775
2776
2777
2778
2779
2780
2781
2782
2783
2784
2785
2786
2787
2788
2789
2790
2791
2792
2793
2794
2795
2796
2797
2798
2799
2800
2801
2802
2803
2804
2805
2806
2807
2856
2857
2858
2859
2860
2861
2862
2863
2864
2865
2866
2867
2868
2869
2870
2871
2872
2873
2874
2875
2876
2877
2878
2879
2880
2881
2882
2883
2884
2885
2886
2887
2904
2905
2906
2907
2908
2909
2910
2911
3112
3113
3114
3115
3116
3117
3118
3119
3120
3121
3122
3123
3124
3125
3126
3127
3136
3137
3138
3139
3140
3141
3142
3143
3144
3145
3146
3147
3148
3149
3150
3151
3152
3153
3154
3155
3156
3157
3158
3159
3192
3193
3194
3195
3196
3197
3198
3199
3208
3209
3210
3211
3212
3213
3214
3215
3304
3305
3306
3307
3308
3309
3310
3311
3312
3313
3314
3315
3316
3317
3318
3319
3320
3321
3322
3323
3324
3325
3326
3327
3328
3329
3330
3331
3332
3333
3334
3335
3336
3337
3338
3339
3340
3341
3342
3343
4368
4369
4370
4371
4372
4373
4374
4375
4376
4377
4378
4379
4380
4381
4382
4383
4496
4497
4498
4499
4500
4501
4502
4503
4776
4777
4778
4779
4780
4781
4782
4783
4888
4889
4890
4891
4892
4893
4894
4895
4896
4897
4898
4899
4900
4901
4902
4903
5008
5009
5010
5011
5012
5013
5014
5015
5016
5017
5018
5019
5020
5021
5022
5023
5024
5025
5026
5027
5028
5029
5030
5031
5056
5057
5058
5059
5060
5061
5062
5063
5528
5529
5530
5531
5532
5533
5534
5535
5536
5537
5538
5539
5540
5541
5542
5543
5544
5545
5546
5547
5548
5549
5550
5551
5552
5553
5554
5555
5556
5557
5558
5559
5560
5561
5562
5563
5564
5565
5566
5567
5568
5569
5570
5571
5572
5573
5574
5575
5576
5577
5578
5579
5580
5581
5582
5583
5584
5585
5586
5587
5588
5589
5590
5591
5592
5593
5594
5595
5596
5597
5598
5599
5608
5609
5610
5611
5612
5613
5614
5615
5616
5617
5618
5619
5620
5621
5622
5623
5624
5625
5626
5627
5628
5629
5630
5631
5632
5633
5634
5635
5636
5637
5638
5639
5640
5641
5642
5643
5644
5645
5646
5647
5648
5649
5650
5651
5652
5653
5654
5655
5656
5657
5658
5659
5660
5661
5662
5663
5664
5665
5666
5667
5668
5669
5670
5671
5696
5697
5698
5699
5700
5701
5702
5703
5704
5705
5706
5707
5708
5709
5710
5711
5864
5865
5866
5867
5868
5869
5870
5871
6136
6137
6138
6139
6140
6141
6142
6143
6200
6201
6202
6203
6204
6205
6206
6207
6208
6209
6210
6211
6212
6213
6214
6215
6216
6217
6218
6219
6220
6221
6222
6223
6232
6233
6234
6235
6236
6237
6238
6239
6256
6257
6258
6259
6260
6261
6262
6263
6320
6321
6322
6323
6324
6325
6326
6327
6664
6665
6666
6667
6668
6669
6670
6671
6704
6705
6706
6707
6708
6709
6710
6711
6720
6721
6722
6723
6724
6725
6726
6727
6784
6785
6786
6787
6788
6789
6790
6791
6808
6809
6810
6811
6812
6813
6814
6815
6920
6921
6922
6923
6924
6925
6926
6927
6928
6929
6930
6931
6932
6933
6934
6935
7736
7737
7738
7739
7740
7741
7742
7743
7792
7793
7794
7795
7796
7797
7798
7799
7808
7809
7810
7811
7812
7813
7814
7815
