51
343
425
426
427
467
476
477
482
485
504
641
747
748
751
755
756
758
759
772
782
784
787
950
966
1003
1068
1126
1130
1147
1148
1151
1184
1346
1356
1445
1464
1474
1484
1486
1488
1572
1642
1643
1680
1694
1695
1699
1701
1702
1707
1724
1740
1754
1755
1888
2103
2104
2106
2112
2113
2119
2125
2137
2138
2143
2197
2285
2290
2299
2310
2311
2314
2316
2318
2319
2320
2483
2762
2763
2764
2765
2769
2770
2867
2868
2911
2912
3072
3145
3149
3311
3312
3319
3327
3584
4154
4175
4206
4371
4379
4381
4382
4394
4395
4397
4404
4407
4408
4409
4433
4490
4496
4497
4498
4502
4508
4509
4510
4513
4515
4540
4606
4609
4631
4635
4644
4645
4652
4662
4668
4670
4691
4780
4781
4782
4898
4901
4902
4903
4904
4905
4932
4975
5006
5012
5028
5029
5030
5045
5052
5053
5059
5060
5223
5306
5307
5324
5329
5331
5332
5333
5338
5339
5345
5556
5625
5635
5653
5654
5664
5696
5699
5700
5701
5709
6278
6304
6305
6306
6308
6309
6314
6324
6325
6326
6341
6379
6666
6721
6788
6789
6812
6927
6928
6931
6932
7871
7881
7934
