1
3
4
9
42
43
63
80
114
121
123
143
154
155
160
170
286
287
356
376
601
610
613
618
647
652
656
669
752
753
755
828
909
912
918
1006
1105
1126
1174
1204
1314
1335
1340
1341
1374
1529
1620
1665
1673
1700
1731
1737
1742
1750
1759
1763
1764
1808
1832
1872
1919
1951
1985
1996
2002
2071
2102
2150
2151
2167
2201
2210
2213
2234
2261
2262
2265
2273
2309
2314
2315
2331
2353
2356
2364
2415
2574
2609
2738
3540
3649
3987
4050
4052
4144
4192
4359
4366
4367
4368
4561
4581
4605
4610
4613
4683
4684
4693
4787
4795
4797
4799
4822
4877
4880
4894
4967
5018
5062
5063
5074
5100
5318
5323
5324
5326
5425
5444
5518
5525
5529
5584
5585
5587
5604
5714
5929
5930
5935
5984
6007
6041
6073
6120
6286
6377
6382
6429
6449
6485
6489
6520
6554
6607
6611
6617
6697
6769
6783
6787
6799
6974
6976
7142
7149
7192
7220
7221
7222
7238
7369
7372
7384
7441
7522
7543
7545
7561
7575
7579
7591
7627
7636
7643
7648
7679
7836
7837
7848
7877
8036
8057
8069
8162
8214
8340
8555
8569
8706
8780
