72
73
74
75
76
77
78
79
160
161
162
163
164
165
166
167
168
169
170
171
172
173
174
175
280
281
282
283
284
285
286
287
288
289
290
291
292
293
294
295
296
297
298
299
300
301
302
303
320
321
322
323
324
325
326
327
448
449
450
451
452
453
454
455
464
465
466
467
468
469
470
471
616
617
618
619
620
621
622
623
752
753
754
755
756
757
758
759
912
913
914
915
916
917
918
919
1488
1489
1490
1491
1492
1493
1494
1495
1512
1513
1514
1515
1516
1517
1518
1519
1528
1529
1530
1531
1532
1533
1534
1535
1600
1601
1602
1603
1604
1605
1606
1607
1648
1649
1650
1651
1652
1653
1654
1655
1656
1657
1658
1659
1660
1661
1662
1663
1664
1665
1666
1667
1668
1669
1670
1671
1672
1673
1674
1675
1676
1677
1678
1679
1952
1953
1954
1955
1956
1957
1958
1959
1984
1985
1986
1987
1988
1989
1990
1991
2192
2193
2194
2195
2196
2197
2198
2199
2208
2209
2210
2211
2212
2213
2214
2215
2392
2393
2394
2395
2396
2397
2398
2399
2408
2409
2410
2411
2412
2413
2414
2415
2592
2593
2594
2595
2596
2597
2598
2599
2600
2601
2602
2603
2604
2605
2606
2607
2608
2609
2610
2611
2612
2613
2614
2615
2960
2961
2962
2963
2964
2965
2966
2967
3456
3457
3458
3459
3460
3461
3462
3463
3472
3473
3474
3475
3476
3477
3478
3479
3480
3481
3482
3483
3484
3485
3486
3487
3488
3489
3490
3491
3492
3493
3494
3495
3632
3633
3634
3635
3636
3637
3638
3639
3648
3649
3650
3651
3652
3653
3654
3655
3760
3761
3762
3763
3764
3765
3766
3767
3984
3985
3986
3987
3988
3989
3990
3991
4048
4049
4050
4051
4052
4053
4054
4055
4056
4057
4058
4059
4060
4061
4062
4063
4064
4065
4066
4067
4068
4069
4070
4071
4096
4097
4098
4099
4100
4101
4102
4103
4104
4105
4106
4107
4108
4109
4110
4111
4136
4137
4138
4139
4140
4141
4142
4143
4144
4145
4146
4147
4148
4149
4150
4151
4168
4169
4170
4171
4172
4173
4174
4175
4184
4185
4186
4187
4188
4189
4190
4191
4360
4361
4362
4363
4364
4365
4366
4367
4680
4681
4682
4683
4684
4685
4686
4687
4688
4689
4690
4691
4692
4693
4694
4695
4776
4777
4778
4779
4780
4781
4782
4783
5064
5065
5066
5067
5068
5069
5070
5071
5288
5289
5290
5291
5292
5293
5294
5295
5296
5297
5298
5299
5300
5301
5302
5303
5304
5305
5306
5307
5308
5309
5310
5311
5312
5313
5314
5315
5316
5317
5318
5319
5320
5321
5322
5323
5324
5325
5326
5327
5336
5337
5338
5339
5340
5341
5342
5343
5344
5345
5346
5347
5348
5349
5350
5351
5456
5457
5458
5459
5460
5461
5462
5463
5520
5521
5522
5523
5524
5525
5526
5527
5528
5529
5530
5531
5532
5533
5534
5535
5584
5585
5586
5587
5588
5589
5590
5591
5656
5657
5658
5659
5660
5661
5662
5663
5664
5665
5666
5667
5668
5669
5670
5671
5912
5913
5914
5915
5916
5917
5918
5919
5928
5929
5930
5931
5932
5933
5934
5935
6024
6025
6026
6027
6028
6029
6030
6031
6048
6049
6050
6051
6052
6053
6054
6055
6072
6073
6074
6075
6076
6077
6078
6079
6080
6081
6082
6083
6084
6085
6086
6087
6088
6089
6090
6091
6092
6093
6094
6095
6120
6121
6122
6123
6124
6125
6126
6127
6840
6841
6842
6843
6844
6845
6846
6847
6936
6937
6938
6939
6940
6941
6942
6943
6944
6945
6946
6947
6948
6949
6950
6951
6952
6953
6954
6955
6956
6957
6958
6959
6960
6961
6962
6963
6964
6965
6966
6967
6984
6985
6986
6987
6988
6989
6990
6991
6992
6993
6994
6995
6996
6997
6998
6999
7000
7001
7002
7003
7004
7005
7006
7007
7016
7017
7018
7019
7020
7021
7022
7023
7024
7025
7026
7027
7028
7029
7030
7031
7032
7033
7034
7035
7036
7037
7038
7039
7040
7041
7042
7043
7044
7045
7046
7047
7056
7057
7058
7059
7060
7061
7062
7063
7064
7065
7066
7067
7068
7069
7070
7071
7080
7081
7082
7083
7084
7085
7086
7087
7112
7113
7114
7115
7116
7117
7118
7119
7136
7137
7138
7139
7140
7141
7142
7143
7144
7145
7146
7147
7148
7149
7150
7151
7240
7241
7242
7243
7244
7245
7246
7247
7488
7489
7490
7491
7492
7493
7494
7495
7512
7513
7514
7515
7516
7517
7518
7519
7760
7761
7762
7763
7764
7765
7766
7767
7784
7785
7786
7787
7788
7789
7790
7791
7792
7793
7794
7795
7796
7797
7798
7799
7832
7833
7834
7835
7836
7837
7838
7839
7840
7841
7842
7843
7844
7845
7846
7847
7848
7849
7850
7851
7852
7853
7854
7855
8032
8033
8034
8035
8036
8037
8038
8039
8040
8041
8042
8043
8044
8045
8046
8047
8048
8049
8050
8051
8052
8053
8054
8055
8480
8481
8482
8483
8484
8485
8486
8487
8520
8521
8522
8523
8524
8525
8526
8527
8576
8577
8578
8579
8580
8581
8582
8583
8592
8593
8594
8595
8596
8597
8598
8599
8600
8601
8602
8603
8604
8605
8606
8607
8696
8697
8698
8699
8700
8701
8702
8703
8704
8705
8706
8707
8708
8709
8710
8711
