36
123
161
237
261
287
299
323
356
449
602
645
698
755
915
964
1030
1056
1108
1149
1178
1194
1220
1296
1342
1430
1491
1515
1531
1603
1632
1655
1671
1714
1766
1794
1849
1906
1954
1987
2112
2136
2196
2211
2308
2398
2425
2475
2545
2599
2611
2649
2670
2694
2712
2746
2822
2914
2963
3004
3086
3172
3196
3253
3283
3300
3327
3384
3412
3459
3479
3493
3528
3559
3600
3622
3632
3651
3742
3764
3782
3811
3842
3866
3987
4022
4055
4067
4103
4143
4171
4204
4222
4262
4296
4330
4363
4598
4687
4706
4736
4776
4800
4854
4896
4943
4976
5002
5038
5067
5156
5203
5248
5295
5311
5323
5343
5404
5459
5523
5587
5633
5663
5672
5691
5774
5808
5846
5896
5915
5931
5956
6010
6027
6054
6073
6194
6220
6294
6365
6398
6488
6612
6710
6783
6845
6878
6943
6959
6991
7003
7023
7039
7063
7083
7115
7142
7170
7219
7258
7326
7350
7386
7451
7491
7515
7544
7584
7602
7710
7738
7763
7791
7800
7820
7838
7932
7974
8010
8039
8051
8066
8096
8129
8186
8260
8307
8327
8360
8404
8428
8454
8483
8523
8557
8579
8599
8614
8640
8668
